cpu  1401523 1454 4658453 188066 53 0 2682 0 0 0
cpu0 704730 737 2326664 91197 23 0 2682 0 0 0
cpu1 696793 717 2331789 96869 30 0 0 0 0 0
intr 493726112 0 0 0 0 0 0 0 0 0 0 0 0 0 0 0 0 0 0 12856821 0 0 53 0 0 0 0 0 0 0 0 0 0 0 0 0 0 0 0 0 0 0 0 0 0 0 0 0 0 0 0 0 0 0 0 0 0 0 0 0 0 0 0 0 0 0 0 0 0 0 0 0 0 0 0 0 0 0 0 0 0 0 0 0 0 0 0 0 0 0 0 0 0 0 0 0 0 0 0 0 0 0 0 0 0 0 0 0 0 0 0 0 0 0 0 0 0 0 0 0 0 0 0 0 0 0 0 0 0 0 0 0 0 0 0 0 0 0 0 0 0 0 0 0 53 0 859153 0 0 0 0 0 0 0 0 0 0 0 0 0 0 0 0 0 0
ctxt 2082802278
btime 1521041977
processes 300351
procs_running 12
procs_blocked 0
softirq 14884044 0 6237677 386389 409730 0 0 1751 1247563 0 6600934
